
#' @export
color_all <-
  c(
   "#33a02c",
   "#de77ae",
   "#2166ac",
   "#abd9e9",
   "#FFF05A",
   "#fee08b",
   "#fdae61",
   "#f46d43",
   "#d53e4f",
   "#9e0142",
   "#5e4fa2"
  )

#' @export
color_subset <-
  c(
 "#08519c",
 "#810f7c",
 "#8c96c6",
 "#02818a",
 "#238443",
 "#78c679",
 "#7fcdbb",
 "#1d91c0",
 "#cb181d",
 "#ae017e",
 "#fa9fb5",
 "#fd8d3c",
 "#F5DF51"
)
 